CBCT牙齿分割
[ 0  1 11 12 13 14 15 16 17 18 21 22 23 24 25 26 27 28 31 32 33 34 35 36
 37 38 41 42 43 44 45 46 47 48 71]
采用二阶网络分割，粗分割+精分割:粗分割采用STSCBCT3d方法分割
1、人脑ROI提取
由于本身图像是去除颅骨后的图像，所以采用固定阈值（-850，最大值）和最大联通体得到人脑ROI区域
2、统计ROI图像大小
[ 0  1  2  3  4  5  6  7  8  9 10 11 12 13 14 15 16 17 18 19 20 21 22 23
 24 25 26 27 28 29 30 31 32 33 34]
median size,median spacing: (array([260. , 218.5, 173.5]), array([0.30000001, 0.30000001, 0.29999924]))
min size,min spacing: (array([100, 149, 147]), array([0.25, 0.25, 0.25]))
max size,max spacing: (array([367, 282, 220]), array([0.30000001, 0.30000001, 0.30000305]))
3、图像截断到（0，2000），并使用zscore方式归一化处理
ROI图像缩放到固定大小256x256x160，输入是1个通道，输出是35个通道


Xray牙齿分割
[11 12 13 14 15 16 17 18 21 22 23 24 25 26 27 28 31 32 33 34 35 36 37 38
 41 42 43 44 45 46 47 48 51 52 53 54 55 61 62 63 64 65 71 72 73 74 75 81
 82 83 84 85]
 [ 0  1  2  3  4  5  6  7  8  9 10 11 12 13 14 15 16 17 18 19 20 21 22 23
 24 25 26 27 28 29 30 31 32 33 34 35 36 37 38 39 40 41 42 43 44 45 46 47
 48 49 50 51 52]
1、图像使用zscore方式归一化处理
ROI图像缩放到固定大小1024x1024，输入是1个通道，输出是53个通道